index,res1,atom1,res2,atom2,dist_value,lower,upper
1,20,CB,3,H,20.3063,5,5
2,20,CB,4,H,17.2108,5,5
3,20,CB,5,H,16.0545,5,5
4,20,CB,6,H,18.3326,5,5
5,20,CB,7,H,19.8624,5,5
6,20,CB,8,H,17.11,5,5
7,20,CB,9,H,18.7743,5,5
22,20,CB,31,H,16.1906,5,5
23,20,CB,32,H,18.449,5,5
24,20,CB,33,H,19.5428,5,5
25,20,CB,35,H,22.204,5,5
26,20,CB,37,H,20.2302,5,5
27,20,CB,38,H,18.1236,5,5
28,20,CB,39,H,19.639,5,5
29,20,CB,40,H,16.8275,5,5
30,20,CB,41,H,17.3528,5,5
31,20,CB,42,H,19.9378,5,5
32,20,CB,43,H,23.2338,5,5
33,20,CB,45,H,21.3474,5,5
34,20,CB,46,H,25.2058,5,5
35,20,CB,48,H,24.8513,5,5
36,20,CB,49,H,19.5538,5,5
37,20,CB,50,H,22.0203,5,5
38,20,CB,51,H,19.0992,5,5
39,20,CB,52,H,24.0039,5,5
40,20,CB,53,H,23.1413,5,5
41,20,CB,54,H,24.1883,5,5
42,20,CB,56,H,26.3704,5,5
43,20,CB,57,H,23.9682,5,5
44,20,CB,58,H,25.8253,5,5
45,20,CB,59,H,26.4767,5,5
46,20,CB,60,H,24.7418,5,5
47,20,CB,61,H,26.0678,5,5
48,20,CB,62,H,25.6339,5,5
49,20,CB,63,H,31.2675,5,5
50,20,CB,64,H,27.4358,5,5
51,20,CB,66,H,28.2167,5,5
52,20,CB,67,H,25.9806,5,5
53,20,CB,68,H,27.0973,5,5
54,20,CB,69,H,26.977,5,5
55,20,CB,70,H,29.8825,5,5
56,20,CB,71,H,29.1014,5,5
57,20,CB,72,H,27.2629,5,5
58,20,CB,73,H,26.1165,5,5
59,20,CB,74,H,31.9993,5,5
60,20,CB,75,H,26.3898,5,5
61,20,CB,76,H,26.815,5,5
62,20,CB,77,H,27.8087,5,5
63,20,CB,78,H,27.1857,5,5
64,20,CB,79,H,25.9505,5,5
65,20,CB,80,H,26.5533,5,5
66,20,CB,81,H,27.6385,5,5
67,20,CB,82,H,28.4682,5,5
68,20,CB,83,H,32.2702,5,5
69,20,CB,84,H,23.9583,5,5
70,20,CB,85,H,28.614,5,5
71,20,CB,86,H,25.4142,5,5
72,20,CB,87,H,24.1403,5,5
73,20,CB,88,H,30.1289,5,5
74,20,CB,89,H,27.9799,5,5
75,20,CB,90,H,28.1265,5,5
76,20,CB,91,H,24.3306,5,5
77,20,CB,92,H,27.4649,5,5
78,20,CB,93,H,25.3902,5,5
79,20,CB,94,H,29.0393,5,5
80,20,CB,95,H,27.6308,5,5
81,20,CB,96,H,29.7678,5,5
82,20,CB,98,H,29.008,5,5
83,20,CB,99,H,27.2708,5,5
84,20,CB,100,H,30.7895,5,5
85,20,CB,101,H,25.9508,5,5
86,20,CB,102,H,27.922,5,5
87,20,CB,103,H,26.9543,5,5
88,20,CB,104,H,29.6713,5,5
89,20,CB,105,H,26.2514,5,5
90,20,CB,107,H,29.7388,5,5
91,20,CB,109,H,25.1905,5,5
92,20,CB,110,H,27.5187,5,5
93,20,CB,111,H,24.2688,5,5
94,20,CB,112,H,26.7571,5,5
95,20,CB,113,H,25.0918,5,5
96,20,CB,114,H,24.5116,5,5
97,20,CB,115,H,26.1571,5,5
98,20,CB,116,H,26.8773,5,5
99,20,CB,118,H,24.9005,5,5
100,20,CB,119,H,22.2615,5,5
101,20,CB,121,H,24.2651,5,5
102,20,CB,122,H,26.7641,5,5
103,20,CB,123,H,26.419,5,5
104,20,CB,124,H,24.4604,5,5
105,20,CB,125,H,22.9772,5,5
106,20,CB,126,H,21.5807,5,5
107,20,CB,127,H,20.6279,5,5
108,20,CB,129,H,21.1001,5,5
109,20,CB,130,H,20.7253,5,5
110,20,CB,131,H,22.6277,5,5
111,24,CB,3,H,30.0103,5,5
112,24,CB,4,H,29.0811,5,5
113,24,CB,5,H,26.8922,5,5
114,24,CB,8,H,25.5827,5,5
115,24,CB,9,H,22.2356,5,5
116,24,CB,12,H,25.3524,5,5
127,24,CB,37,H,21.9395,5,5
128,24,CB,38,H,20.1361,5,5
129,24,CB,40,H,18.7782,5,5
130,24,CB,41,H,19.0771,5,5
131,24,CB,44,H,27.3973,5,5
132,24,CB,48,H,30.6573,5,5
133,24,CB,50,H,27.7127,5,5
134,24,CB,51,H,22.8599,5,5
135,24,CB,52,H,30.3284,5,5
136,24,CB,53,H,30.331,5,5
137,24,CB,54,H,64.4491,5,5
138,24,CB,57,H,33.0924,5,5
139,24,CB,58,H,38.1867,5,5
140,24,CB,59,H,39.9029,5,5
141,24,CB,60,H,43.8013,5,5
142,24,CB,63,H,43.6879,5,5
143,24,CB,66,H,35.107,5,5
144,24,CB,67,H,31.9059,5,5
145,24,CB,69,H,43.5941,5,5
146,24,CB,71,H,42.0378,5,5
147,24,CB,72,H,40.9216,5,5
148,24,CB,73,H,41.1361,5,5
149,24,CB,75,H,29.5445,5,5
150,24,CB,76,H,35.5716,5,5
151,24,CB,77,H,39.9522,5,5
152,24,CB,82,H,26.8374,5,5
153,24,CB,86,H,43.5237,5,5
154,24,CB,91,H,37.6615,5,5
155,24,CB,94,H,31.8833,5,5
156,24,CB,95,H,35.8559,5,5
157,24,CB,96,H,37.261,5,5
158,24,CB,102,H,48.4463,5,5
159,24,CB,105,H,31.4056,5,5
160,24,CB,107,H,39.6312,5,5
161,24,CB,109,H,50.6124,5,5
162,24,CB,114,H,42.8626,5,5
163,24,CB,115,H,47.8294,5,5
164,24,CB,116,H,59.4026,5,5
165,24,CB,118,H,39.6294,5,5
166,24,CB,119,H,34.438,5,5
167,24,CB,123,H,51.2837,5,5
168,24,CB,124,H,40.8333,5,5
169,24,CB,125,H,37.1272,5,5
170,24,CB,126,H,35.377,5,5
171,24,CB,127,H,30.8344,5,5
172,24,CB,129,H,31.7944,5,5
173,24,CB,130,H,31.3255,5,5
174,24,CB,134,H,46.2663,5,5
175,24,CB,136,H,55.6006,5,5
176,42,CB,3,H,30.5447,5,5
177,42,CB,4,H,28.7529,5,5
178,42,CB,5,H,26.1385,5,5
179,42,CB,8,H,25.6305,5,5
180,42,CB,9,H,38.915,5,5
181,42,CB,12,H,28.9007,5,5
182,42,CB,15,H,31.3121,5,5
183,42,CB,17,H,26.0008,5,5
184,42,CB,19,H,24.5738,5,5
185,42,CB,21,H,26.7747,5,5
186,42,CB,22,H,25.8577,5,5
187,42,CB,23,H,25.1227,5,5
188,42,CB,24,H,23.4604,5,5
189,42,CB,26,H,22.5576,5,5
190,42,CB,29,H,20.1438,5,5
191,42,CB,31,H,18.5047,5,5
203,42,CB,53,H,19.6905,5,5
204,42,CB,54,H,18.3881,5,5
205,42,CB,57,H,20.5854,5,5
206,42,CB,58,H,21.8788,5,5
207,42,CB,59,H,23.5762,5,5
208,42,CB,60,H,23.5481,5,5
209,42,CB,63,H,28.4744,5,5
210,42,CB,64,H,29.1662,5,5
211,42,CB,66,H,30.0634,5,5
212,42,CB,67,H,26.5701,5,5
213,42,CB,68,H,28.659,5,5
214,42,CB,69,H,28.351,5,5
215,42,CB,70,H,34.3076,5,5
216,42,CB,71,H,29.0,5,5
217,42,CB,72,H,30.7114,5,5
218,42,CB,73,H,25.0629,5,5
219,42,CB,74,H,31.8684,5,5
220,42,CB,75,H,24.7993,5,5
221,42,CB,76,H,27.976,5,5
222,42,CB,77,H,27.0574,5,5
223,42,CB,80,H,32.6998,5,5
224,42,CB,81,H,38.8755,5,5
225,42,CB,83,H,34.1483,5,5
226,42,CB,84,H,32.3375,5,5
227,42,CB,86,H,29.5339,5,5
228,42,CB,87,H,36.8999,5,5
229,42,CB,89,H,36.9814,5,5
230,42,CB,90,H,35.02,5,5
231,42,CB,91,H,30.9587,5,5
232,42,CB,93,H,29.9001,5,5
233,42,CB,94,H,26.9731,5,5
234,42,CB,95,H,33.1191,5,5
235,42,CB,96,H,29.5017,5,5
236,42,CB,98,H,36.6953,5,5
237,42,CB,100,H,58.6562,5,5
238,42,CB,101,H,33.5559,5,5
239,42,CB,104,H,46.6002,5,5
240,42,CB,105,H,29.1403,5,5
241,42,CB,107,H,41.5664,5,5
242,42,CB,109,H,31.598,5,5
243,42,CB,110,H,36.4355,5,5
244,42,CB,111,H,28.7016,5,5
245,42,CB,112,H,34.9265,5,5
246,42,CB,114,H,29.298,5,5
247,42,CB,115,H,33.5356,5,5
248,42,CB,116,H,27.1982,5,5
249,42,CB,119,H,25.5699,5,5
250,42,CB,121,H,28.7819,5,5
251,42,CB,122,H,37.04,5,5
252,42,CB,123,H,32.462,5,5
253,42,CB,124,H,29.2421,5,5
254,42,CB,125,H,28.453,5,5
255,42,CB,126,H,26.5384,5,5
256,42,CB,127,H,25.9395,5,5
257,42,CB,129,H,24.6143,5,5
258,42,CB,130,H,24.5322,5,5
259,42,CB,133,H,32.7162,5,5
260,42,CB,134,H,28.7348,5,5
261,42,CB,135,H,29.2081,5,5
262,42,CB,136,H,32.7018,5,5
263,42,CB,137,H,26.2314,5,5
264,42,CB,140,H,39.0326,5,5
265,62,CB,3,H,30.7467,5,5
266,62,CB,4,H,37.9395,5,5
267,62,CB,5,H,31.6904,5,5
268,62,CB,8,H,34.2354,5,5
269,62,CB,15,H,43.885,5,5
270,62,CB,17,H,39.5691,5,5
271,62,CB,19,H,37.0749,5,5
272,62,CB,21,H,42.3343,5,5
273,62,CB,22,H,30.5145,5,5
274,62,CB,23,H,30.1789,5,5
275,62,CB,24,H,30.2753,5,5
276,62,CB,26,H,40.0813,5,5
277,62,CB,29,H,30.0212,5,5
278,62,CB,30,H,31.5336,5,5
279,62,CB,31,H,27.4847,5,5
280,62,CB,32,H,29.68,5,5
281,62,CB,33,H,33.7411,5,5
282,62,CB,37,H,27.0629,5,5
283,62,CB,38,H,22.67,5,5
284,62,CB,40,H,21.3396,5,5
285,62,CB,41,H,22.0008,5,5
286,62,CB,43,H,28.958,5,5
287,62,CB,44,H,27.2409,5,5
288,62,CB,48,H,25.0285,5,5
289,62,CB,50,H,22.5782,5,5
290,62,CB,51,H,18.5004,5,5
309,62,CB,73,H,17.0174,5,5
310,62,CB,74,H,19.4233,5,5
311,62,CB,75,H,20.0639,5,5
312,62,CB,76,H,18.8912,5,5
313,62,CB,77,H,19.5755,5,5
314,62,CB,81,H,25.4745,5,5
315,62,CB,82,H,20.9898,5,5
316,62,CB,83,H,25.6937,5,5
317,62,CB,84,H,25.7261,5,5
318,62,CB,85,H,28.1097,5,5
319,62,CB,86,H,25.7001,5,5
320,62,CB,88,H,28.3735,5,5
321,62,CB,89,H,27.2653,5,5
322,62,CB,90,H,26.5454,5,5
323,62,CB,91,H,25.0365,5,5
324,62,CB,92,H,30.1779,5,5
325,62,CB,93,H,23.5862,5,5
326,62,CB,94,H,35.2616,5,5
327,62,CB,95,H,29.425,5,5
328,62,CB,96,H,26.7786,5,5
329,62,CB,98,H,28.3612,5,5
330,62,CB,100,H,44.9243,5,5
331,62,CB,101,H,33.7343,5,5
332,62,CB,102,H,32.6188,5,5
333,62,CB,103,H,37.3795,5,5
334,62,CB,104,H,32.3754,5,5
335,62,CB,105,H,42.4513,5,5
336,62,CB,107,H,39.3019,5,5
337,62,CB,109,H,31.5899,5,5
338,62,CB,110,H,31.9625,5,5
339,62,CB,111,H,31.3689,5,5
340,62,CB,112,H,33.5969,5,5
341,62,CB,114,H,34.9083,5,5
342,62,CB,115,H,31.815,5,5
343,62,CB,116,H,33.4792,5,5
344,62,CB,118,H,33.5319,5,5
345,62,CB,119,H,27.6663,5,5
346,62,CB,121,H,32.9075,5,5
347,62,CB,122,H,34.7517,5,5
348,62,CB,123,H,31.0152,5,5
349,62,CB,124,H,33.6498,5,5
350,62,CB,125,H,34.8977,5,5
351,62,CB,126,H,29.3629,5,5
352,62,CB,127,H,28.6825,5,5
353,62,CB,129,H,28.5143,5,5
354,62,CB,130,H,28.0679,5,5
355,62,CB,133,H,57.5691,5,5
356,62,CB,135,H,32.7097,5,5
357,62,CB,136,H,34.1642,5,5
358,62,CB,137,H,29.7783,5,5
359,62,CB,140,H,42.541,5,5
360,85,CB,3,H,35.6065,5,5
361,85,CB,4,H,27.6319,5,5
362,85,CB,5,H,27.9653,5,5
363,85,CB,6,H,29.0702,5,5
364,85,CB,7,H,29.7094,5,5
365,85,CB,8,H,27.2682,5,5
366,85,CB,9,H,28.8807,5,5
367,85,CB,10,H,27.6319,5,5
368,85,CB,11,H,26.9158,5,5
369,85,CB,12,H,30.3369,5,5
370,85,CB,13,H,26.3833,5,5
371,85,CB,14,H,30.5973,5,5
372,85,CB,15,H,33.2476,5,5
373,85,CB,16,H,30.9113,5,5
374,85,CB,17,H,30.0126,5,5
375,85,CB,18,H,27.2137,5,5
376,85,CB,19,H,29.6295,5,5
377,85,CB,20,H,35.5743,5,5
378,85,CB,21,H,30.0157,5,5
379,85,CB,22,H,30.3233,5,5
380,85,CB,23,H,34.8736,5,5
381,85,CB,25,H,30.7135,5,5
382,85,CB,26,H,31.5837,5,5
383,85,CB,27,H,36.0787,5,5
384,85,CB,28,H,35.5567,5,5
385,85,CB,29,H,31.5181,5,5
386,85,CB,30,H,27.3038,5,5
387,85,CB,31,H,28.7454,5,5
388,85,CB,32,H,30.7323,5,5
389,85,CB,33,H,28.9699,5,5
390,85,CB,35,H,26.3833,5,5
391,85,CB,37,H,33.2449,5,5
392,85,CB,38,H,25.331,5,5
393,85,CB,39,H,25.1103,5,5
394,85,CB,40,H,22.2682,5,5
395,85,CB,41,H,22.3214,5,5
396,85,CB,42,H,27.4771,5,5
397,85,CB,43,H,26.2553,5,5
398,85,CB,44,H,27.7193,5,5
399,85,CB,45,H,24.9335,5,5
400,85,CB,46,H,26.6383,5,5
401,85,CB,48,H,27.1367,5,5
402,85,CB,49,H,26.9158,5,5
403,85,CB,50,H,23.1747,5,5
404,85,CB,51,H,22.165,5,5
405,85,CB,52,H,26.9007,5,5
406,85,CB,53,H,23.6242,5,5
407,85,CB,54,H,27.0596,5,5
408,85,CB,55,H,25.4255,5,5
409,85,CB,56,H,22.962,5,5
410,85,CB,57,H,26.1159,5,5
411,85,CB,58,H,24.6715,5,5
412,85,CB,59,H,25.9008,5,5
413,85,CB,60,H,24.3382,5,5
414,85,CB,61,H,23.9355,5,5
415,85,CB,62,H,23.9355,5,5
416,85,CB,63,H,23.4421,5,5
417,85,CB,64,H,24.1808,5,5
418,85,CB,65,H,22.4489,5,5
419,85,CB,66,H,25.6865,5,5
420,85,CB,67,H,21.2034,5,5
421,85,CB,68,H,22.0398,5,5
422,85,CB,69,H,22.4268,5,5
423,85,CB,70,H,22.2528,5,5
424,85,CB,71,H,20.9749,5,5
425,85,CB,72,H,20.6469,5,5
426,85,CB,73,H,17.791,5,5
427,85,CB,74,H,20.9295,5,5
447,85,CB,96,H,15.3863,5,5
448,85,CB,97,H,20.0713,5,5
449,85,CB,98,H,16.696,5,5
450,85,CB,99,H,19.7833,5,5
451,85,CB,100,H,20.8677,5,5
452,85,CB,101,H,19.3353,5,5
453,85,CB,102,H,24.1468,5,5
454,85,CB,103,H,23.1603,5,5
455,85,CB,104,H,24.0716,5,5
456,85,CB,105,H,27.195,5,5
457,85,CB,107,H,24.2373,5,5
458,85,CB,109,H,21.071,5,5
459,85,CB,110,H,22.7936,5,5
460,85,CB,111,H,21.0803,5,5
461,85,CB,112,H,23.8602,5,5
462,85,CB,113,H,22.1836,5,5
463,85,CB,114,H,22.9239,5,5
464,85,CB,115,H,24.2067,5,5
465,85,CB,116,H,24.6558,5,5
466,85,CB,118,H,27.7673,5,5
467,85,CB,119,H,21.8542,5,5
468,85,CB,121,H,24.7942,5,5
469,85,CB,122,H,34.2923,5,5
470,85,CB,123,H,29.199,5,5
471,85,CB,124,H,26.9174,5,5
472,85,CB,125,H,24.56,5,5
473,85,CB,126,H,23.5868,5,5
474,85,CB,127,H,24.216,5,5
475,85,CB,129,H,22.8329,5,5
476,85,CB,130,H,24.1895,5,5
477,85,CB,131,H,28.6073,5,5
478,85,CB,132,H,22.461,5,5
479,85,CB,133,H,26.7759,5,5
480,85,CB,135,H,28.5185,5,5
481,85,CB,136,H,29.0291,5,5
482,85,CB,137,H,28.0551,5,5
483,85,CB,139,H,29.4276,5,5
484,85,CB,140,H,19.7665,5,5
485,87,CB,3,H,32.8267,5,5
486,87,CB,5,H,35.0888,5,5
487,87,CB,8,H,33.4783,5,5
488,87,CB,17,H,35.9908,5,5
489,87,CB,19,H,55.1755,5,5
490,87,CB,21,H,43.6624,5,5
491,87,CB,23,H,37.1754,5,5
492,87,CB,24,H,30.9135,5,5
493,87,CB,29,H,37.1539,5,5
494,87,CB,37,H,37.6188,5,5
495,87,CB,38,H,27.3752,5,5
496,87,CB,40,H,25.9609,5,5
497,87,CB,41,H,27.1664,5,5
498,87,CB,43,H,27.4753,5,5
499,87,CB,44,H,37.8567,5,5
500,87,CB,48,H,47.5715,5,5
501,87,CB,50,H,26.7891,5,5
502,87,CB,51,H,26.7252,5,5
503,87,CB,52,H,32.2028,5,5
504,87,CB,53,H,28.1192,5,5
505,87,CB,54,H,33.8043,5,5
506,87,CB,57,H,27.835,5,5
507,87,CB,58,H,29.8381,5,5
508,87,CB,59,H,35.8753,5,5
509,87,CB,60,H,30.0911,5,5
510,87,CB,63,H,31.7327,5,5
511,87,CB,64,H,29.5345,5,5
512,87,CB,65,H,31.1694,5,5
513,87,CB,66,H,29.3533,5,5
514,87,CB,67,H,25.1092,5,5
515,87,CB,68,H,26.5615,5,5
516,87,CB,69,H,26.4106,5,5
517,87,CB,70,H,29.5993,5,5
518,87,CB,71,H,25.9189,5,5
519,87,CB,72,H,24.8847,5,5
520,87,CB,73,H,21.1474,5,5
521,87,CB,74,H,26.0805,5,5
522,87,CB,75,H,22.3175,5,5
523,87,CB,76,H,21.7278,5,5
537,87,CB,98,H,18.7188,5,5
538,87,CB,100,H,22.321,5,5
539,87,CB,101,H,22.1573,5,5
540,87,CB,102,H,26.9697,5,5
541,87,CB,103,H,25.4074,5,5
542,87,CB,104,H,24.553,5,5
543,87,CB,105,H,31.9576,5,5
544,87,CB,107,H,24.8017,5,5
545,87,CB,109,H,23.3969,5,5
546,87,CB,110,H,25.0482,5,5
547,87,CB,111,H,23.0489,5,5
548,87,CB,112,H,26.8126,5,5
549,87,CB,114,H,27.3774,5,5
550,87,CB,115,H,25.8775,5,5
551,87,CB,116,H,26.7468,5,5
552,87,CB,118,H,27.2475,5,5
553,87,CB,119,H,23.0474,5,5
554,87,CB,121,H,27.4174,5,5
555,87,CB,122,H,36.5261,5,5
556,87,CB,123,H,29.947,5,5
557,87,CB,124,H,29.3401,5,5
558,87,CB,125,H,27.9283,5,5
559,87,CB,126,H,26.6442,5,5
560,87,CB,127,H,26.2015,5,5
561,87,CB,129,H,25.513,5,5
562,87,CB,130,H,24.6823,5,5
563,87,CB,133,H,31.4821,5,5
564,87,CB,134,H,29.1148,5,5
565,87,CB,135,H,31.4001,5,5
566,87,CB,136,H,39.5434,5,5
567,87,CB,137,H,30.4476,5,5
568,103,CB,5,H,35.822,5,5
569,103,CB,8,H,34.3142,5,5
570,103,CB,17,H,45.654,5,5
571,103,CB,22,H,40.7081,5,5
572,103,CB,23,H,32.9272,5,5
573,103,CB,31,H,31.1499,5,5
574,103,CB,33,H,55.2811,5,5
575,103,CB,37,H,52.3325,5,5
576,103,CB,38,H,29.6833,5,5
577,103,CB,40,H,28.2096,5,5
578,103,CB,41,H,26.9503,5,5
579,103,CB,44,H,40.9899,5,5
580,103,CB,48,H,47.6595,5,5
581,103,CB,50,H,29.5123,5,5
582,103,CB,51,H,26.3618,5,5
583,103,CB,52,H,38.9513,5,5
584,103,CB,53,H,29.4112,5,5
585,103,CB,54,H,40.8267,5,5
586,103,CB,55,H,24.8038,5,5
587,103,CB,57,H,30.1876,5,5
588,103,CB,58,H,31.2794,5,5
589,103,CB,60,H,31.5486,5,5
590,103,CB,67,H,28.5374,5,5
591,103,CB,68,H,29.9931,5,5
592,103,CB,69,H,29.398,5,5
593,103,CB,73,H,24.2922,5,5
594,103,CB,74,H,32.5521,5,5
595,103,CB,75,H,29.6013,5,5
596,103,CB,76,H,25.1553,5,5
597,103,CB,77,H,25.5597,5,5
598,103,CB,80,H,23.4206,5,5
599,103,CB,81,H,31.9486,5,5
600,103,CB,82,H,49.373,5,5
601,103,CB,83,H,24.7913,5,5
602,103,CB,84,H,24.0161,5,5
603,103,CB,85,H,24.6097,5,5
604,103,CB,86,H,22.5914,5,5
605,103,CB,87,H,25.7842,5,5
606,103,CB,88,H,28.3101,5,5
607,103,CB,89,H,21.0218,5,5
608,103,CB,90,H,19.3262,5,5
609,103,CB,91,H,17.9817,5,5
610,103,CB,92,H,20.4196,5,5
622,103,CB,115,H,17.3988,5,5
623,103,CB,116,H,20.2654,5,5
624,103,CB,118,H,23.4565,5,5
625,103,CB,119,H,19.2715,5,5
626,103,CB,121,H,24.8797,5,5
627,103,CB,122,H,34.2598,5,5
628,103,CB,123,H,30.4839,5,5
629,103,CB,124,H,28.8708,5,5
630,103,CB,125,H,26.3618,5,5
631,103,CB,126,H,27.762,5,5
632,103,CB,127,H,28.98,5,5
633,103,CB,129,H,28.1607,5,5
634,103,CB,130,H,26.172,5,5
635,103,CB,133,H,36.5931,5,5
636,103,CB,134,H,34.8697,5,5
637,103,CB,135,H,45.8992,5,5
638,103,CB,137,H,43.3907,5,5
639,120,CB,3,H,25.5827,5,5
640,120,CB,4,H,22.1485,5,5
641,120,CB,5,H,22.342,5,5
642,120,CB,6,H,23.2956,5,5
643,120,CB,7,H,22.2374,5,5
644,120,CB,8,H,22.844,5,5
645,120,CB,9,H,24.7071,5,5
646,120,CB,10,H,22.1485,5,5
647,120,CB,11,H,29.5497,5,5
648,120,CB,12,H,23.7422,5,5
649,120,CB,13,H,30.3736,5,5
650,120,CB,14,H,27.5046,5,5
651,120,CB,15,H,23.7401,5,5
652,120,CB,16,H,29.2986,5,5
653,120,CB,17,H,27.1449,5,5
654,120,CB,18,H,24.3895,5,5
655,120,CB,19,H,26.6954,5,5
656,120,CB,20,H,28.0232,5,5
657,120,CB,21,H,26.7089,5,5
658,120,CB,22,H,27.8326,5,5
659,120,CB,23,H,27.3729,5,5
660,120,CB,25,H,26.8962,5,5
661,120,CB,26,H,27.6629,5,5
662,120,CB,27,H,26.6071,5,5
663,120,CB,28,H,25.585,5,5
664,120,CB,29,H,26.3705,5,5
665,120,CB,30,H,27.147,5,5
666,120,CB,31,H,27.0233,5,5
667,120,CB,32,H,24.2658,5,5
668,120,CB,33,H,27.9408,5,5
669,120,CB,35,H,30.3736,5,5
670,120,CB,37,H,25.0804,5,5
671,120,CB,38,H,22.1847,5,5
672,120,CB,39,H,22.162,5,5
673,120,CB,40,H,19.3663,5,5
674,120,CB,41,H,20.3399,5,5
675,120,CB,42,H,23.2264,5,5
676,120,CB,43,H,20.2615,5,5
677,120,CB,44,H,25.1564,5,5
678,120,CB,45,H,23.1606,5,5
679,120,CB,46,H,30.3736,5,5
680,120,CB,48,H,25.3166,5,5
681,120,CB,49,H,24.6791,5,5
682,120,CB,50,H,23.0068,5,5
683,120,CB,51,H,21.0548,5,5
684,120,CB,52,H,24.8092,5,5
685,120,CB,53,H,24.1295,5,5
686,120,CB,54,H,25.9686,5,5
687,120,CB,55,H,27.5841,5,5
688,120,CB,56,H,25.4287,5,5
689,120,CB,57,H,26.4673,5,5
690,120,CB,58,H,25.128,5,5
691,120,CB,59,H,27.5477,5,5
692,120,CB,60,H,25.3125,5,5
693,120,CB,61,H,29.5665,5,5
694,120,CB,62,H,29.5665,5,5
695,120,CB,63,H,29.7398,5,5
696,120,CB,64,H,27.9692,5,5
697,120,CB,65,H,28.4138,5,5
698,120,CB,66,H,29.5561,5,5
699,120,CB,67,H,26.0642,5,5
700,120,CB,68,H,28.6486,5,5
701,120,CB,69,H,27.6706,5,5
702,120,CB,70,H,27.6062,5,5
703,120,CB,71,H,25.8673,5,5
704,120,CB,72,H,25.2112,5,5
705,120,CB,73,H,23.0962,5,5
706,120,CB,74,H,25.1873,5,5
707,120,CB,75,H,25.6083,5,5
708,120,CB,76,H,23.293,5,5
709,120,CB,77,H,22.2333,5,5
710,120,CB,78,H,24.5982,5,5
711,120,CB,79,H,23.3852,5,5
712,120,CB,80,H,23.3621,5,5
713,120,CB,81,H,24.556,5,5
714,120,CB,82,H,24.028,5,5
715,120,CB,83,H,23.8048,5,5
716,120,CB,84,H,23.5523,5,5
717,120,CB,85,H,23.2461,5,5
718,120,CB,86,H,22.4558,5,5
719,120,CB,87,H,24.2105,5,5
720,120,CB,89,H,22.6854,5,5
721,120,CB,90,H,19.8567,5,5
722,120,CB,91,H,17.0833,5,5
723,120,CB,92,H,22.2144,5,5
724,120,CB,93,H,17.0716,5,5
725,120,CB,94,H,20.4724,5,5
726,120,CB,95,H,18.092,5,5
727,120,CB,96,H,17.7381,5,5
728,120,CB,97,H,19.3992,5,5
729,120,CB,98,H,19.8824,5,5
730,120,CB,99,H,21.162,5,5
731,120,CB,100,H,21.3641,5,5
732,120,CB,101,H,20.2088,5,5
733,120,CB,102,H,22.6071,5,5
734,120,CB,103,H,21.5957,5,5
735,120,CB,104,H,24.4932,5,5
736,120,CB,105,H,25.9754,5,5
737,120,CB,107,H,20.5928,5,5
738,120,CB,109,H,17.7094,5,5
755,120,CB,131,H,24.0853,5,5
756,120,CB,132,H,23.0384,5,5
757,120,CB,133,H,21.2814,5,5
758,120,CB,135,H,23.5094,5,5
759,120,CB,136,H,23.7874,5,5
760,120,CB,137,H,23.4607,5,5
761,120,CB,139,H,25.7216,5,5
762,120,CB,140,H,20.6025,5,5
