index,res1,atom1,res2,atom2,dist_value,lower,upper
1,1,CA,3,H,10.79,5.0,5.0
2,1,CA,6,H,10.77,5.0,5.0
3,1,CA,7,H,12.07,5.0,5.0
4,1,CA,10,H,11.7,5.0,5.0
5,1,CA,11,H,10.97,5.0,5.0
6,1,CA,12,H,12.5,5.0,5.0
7,1,CA,14,H,12.98,5.0,5.0
8,1,CA,15,H,11.35,5.0,5.0
9,1,CA,16,H,12.27,5.0,5.0
10,1,CA,17,H,12.37,5.0,5.0
11,1,CA,18,H,12.53,5.0,5.0
12,1,CA,19,H,12.66,5.0,5.0
13,1,CA,22,H,11.11,5.0,5.0
14,1,CA,23,H,10.84,5.0,5.0
15,1,CA,24,H,10.92,5.0,5.0
16,1,CA,25,H,10.92,5.0,5.0
17,1,CA,26,H,10.92,5.0,5.0
18,1,CA,27,H,10.64,5.0,5.0
19,1,CA,28,H,12.53,5.0,5.0
20,1,CA,29,H,14.13,5.0,5.0
21,1,CA,30,H,13.62,5.0,5.0
22,1,CA,31,H,12.99,5.0,5.0
23,1,CA,32,H,11.74,5.0,5.0
24,1,CA,34,H,12.37,5.0,5.0
25,1,CA,35,H,12.99,5.0,5.0
26,1,CA,37,H,12.7,5.0,5.0
27,1,CA,38,H,13.66,5.0,5.0
28,1,CA,41,H,11.93,5.0,5.0
29,1,CA,42,H,11.69,5.0,5.0
30,1,CA,43,H,13.85,5.0,5.0
31,1,CA,44,H,15.55,5.0,5.0
32,1,CA,46,H,14.73,5.0,5.0
33,1,CA,47,H,14.98,5.0,5.0
34,1,CA,49,H,12.22,5.0,5.0
35,1,CA,50,H,11.58,5.0,5.0
36,1,CA,51,H,12.02,5.0,5.0
37,1,CA,52,H,12.2,5.0,5.0
38,1,CA,53,H,11.87,5.0,5.0
39,1,CA,54,H,11.92,5.0,5.0
40,1,CA,55,H,13.02,5.0,5.0
41,1,CA,56,H,11.32,5.0,5.0
42,1,CA,57,H,14.26,5.0,5.0
43,1,CA,59,H,15.08,5.0,5.0
44,1,CA,60,H,15.69,5.0,5.0
45,1,CA,61,H,15.4,5.0,5.0
46,1,CA,64,H,12.46,5.0,5.0
47,1,CA,65,H,11.57,5.0,5.0
48,1,CA,66,H,11.42,5.0,5.0
49,1,CA,67,H,12.97,5.0,5.0
50,1,CA,68,H,12.98,5.0,5.0
51,1,CA,70,H,12.7,5.0,5.0
52,1,CA,71,H,12.58,5.0,5.0
53,1,CA,73,H,13.68,5.0,5.0
54,1,CA,74,H,12.64,5.0,5.0
55,1,CA,75,H,12.88,5.0,5.0
56,1,CA,76,H,14.98,5.0,5.0
57,1,CA,77,H,13.94,5.0,5.0
58,1,CA,78,H,12.7,5.0,5.0
59,1,CA,80,H,13.56,5.0,5.0
60,1,CA,81,H,12.58,5.0,5.0
61,1,CA,82,H,11.44,5.0,5.0
62,1,CA,84,H,15.41,5.0,5.0
63,1,CA,86,H,13.04,5.0,5.0
64,1,CA,87,H,11.68,5.0,5.0
65,1,CA,88,H,10.92,5.0,5.0
66,1,CA,89,H,14.92,5.0,5.0
67,1,CA,90,H,15.01,5.0,5.0
68,1,CA,91,H,12.66,5.0,5.0
69,1,CA,92,H,18.54,5.0,5.0
70,23,CB,3,H,12.81,5.0,5.0
71,23,CB,4,H,12.79,5.0,5.0
72,23,CB,6,H,10.83,5.0,5.0
73,23,CB,7,H,12.02,5.0,5.0
74,23,CB,10,H,11.5,5.0,5.0
75,23,CB,11,H,11.31,5.0,5.0
76,23,CB,12,H,10.63,5.0,5.0
77,23,CB,13,H,10.61,5.0,5.0
78,23,CB,14,H,10.52,5.0,5.0
79,23,CB,15,H,10.42,5.0,5.0
80,23,CB,16,H,11.87,5.0,5.0
81,23,CB,17,H,11.74,5.0,5.0
82,23,CB,18,H,10.91,5.0,5.0
83,23,CB,19,H,10.4,5.0,5.0
84,23,CB,22,H,10.54,5.0,5.0
85,23,CB,25,H,10.65,5.0,5.0
86,23,CB,26,H,10.72,5.0,5.0
87,23,CB,27,H,10.63,5.0,5.0
88,23,CB,28,H,12.26,5.0,5.0
89,23,CB,29,H,15.86,5.0,5.0
90,23,CB,30,H,14.07,5.0,5.0
91,23,CB,31,H,14.73,5.0,5.0
92,23,CB,32,H,10.48,5.0,5.0
93,23,CB,34,H,12.81,5.0,5.0
94,23,CB,35,H,11.54,5.0,5.0
95,23,CB,37,H,11.67,5.0,5.0
96,23,CB,38,H,11.55,5.0,5.0
97,23,CB,41,H,11.67,5.0,5.0
98,23,CB,42,H,11.44,5.0,5.0
99,23,CB,43,H,12.41,5.0,5.0
100,23,CB,44,H,13.28,5.0,5.0
101,23,CB,46,H,12.47,5.0,5.0
102,23,CB,47,H,13.69,5.0,5.0
103,23,CB,49,H,11.21,5.0,5.0
104,23,CB,50,H,12.11,5.0,5.0
105,23,CB,51,H,11.78,5.0,5.0
106,23,CB,52,H,12.09,5.0,5.0
107,23,CB,53,H,11.74,5.0,5.0
108,23,CB,54,H,11.65,5.0,5.0
109,23,CB,55,H,12.29,5.0,5.0
110,23,CB,56,H,10.71,5.0,5.0
111,23,CB,57,H,13.59,5.0,5.0
112,23,CB,59,H,13.9,5.0,5.0
113,23,CB,60,H,14.32,5.0,5.0
114,23,CB,61,H,14.2,5.0,5.0
115,23,CB,64,H,12.18,5.0,5.0
116,23,CB,65,H,11.41,5.0,5.0
117,23,CB,66,H,11.77,5.0,5.0
118,23,CB,67,H,12.93,5.0,5.0
119,23,CB,68,H,12.69,5.0,5.0
120,23,CB,70,H,12.61,5.0,5.0
121,23,CB,71,H,12.58,5.0,5.0
122,23,CB,73,H,13.2,5.0,5.0
123,23,CB,74,H,11.87,5.0,5.0
124,23,CB,75,H,12.61,5.0,5.0
125,23,CB,76,H,14.11,5.0,5.0
126,23,CB,77,H,13.67,5.0,5.0
127,23,CB,78,H,12.53,5.0,5.0
128,23,CB,80,H,13.12,5.0,5.0
129,23,CB,81,H,12.32,5.0,5.0
130,23,CB,82,H,11.49,5.0,5.0
131,23,CB,84,H,14.84,5.0,5.0
132,23,CB,86,H,12.87,5.0,5.0
133,23,CB,87,H,11.31,5.0,5.0
134,23,CB,88,H,12.12,5.0,5.0
135,23,CB,89,H,14.85,5.0,5.0
136,23,CB,90,H,14.82,5.0,5.0
137,23,CB,91,H,12.63,5.0,5.0
138,23,CB,92,H,17.95,5.0,5.0
139,40,CB,3,H,12.11,5.0,5.0
140,40,CB,4,H,13.48,5.0,5.0
141,40,CB,6,H,11.87,5.0,5.0
142,40,CB,7,H,13.13,5.0,5.0
143,40,CB,10,H,12.19,5.0,5.0
144,40,CB,11,H,11.21,5.0,5.0
145,40,CB,12,H,12.89,5.0,5.0
146,40,CB,13,H,11.21,5.0,5.0
147,40,CB,14,H,12.95,5.0,5.0
148,40,CB,15,H,11.38,5.0,5.0
149,40,CB,16,H,12.14,5.0,5.0
150,40,CB,17,H,12.53,5.0,5.0
151,40,CB,18,H,12.31,5.0,5.0
152,40,CB,19,H,12.4,5.0,5.0
153,40,CB,21,H,11.24,5.0,5.0
154,40,CB,22,H,10.88,5.0,5.0
155,40,CB,23,H,10.03,5.0,5.0
156,40,CB,24,H,11.23,5.0,5.0
157,40,CB,25,H,11.08,5.0,5.0
158,40,CB,26,H,10.63,5.0,5.0
159,40,CB,27,H,10.52,5.0,5.0
160,40,CB,28,H,11.86,5.0,5.0
161,40,CB,29,H,12.75,5.0,5.0
162,40,CB,30,H,12.15,5.0,5.0
163,40,CB,31,H,12.43,5.0,5.0
164,40,CB,32,H,10.91,5.0,5.0
165,40,CB,34,H,11.73,5.0,5.0
166,40,CB,35,H,11.77,5.0,5.0
167,40,CB,37,H,12.1,5.0,5.0
168,40,CB,38,H,13.89,5.0,5.0
169,40,CB,41,H,10.54,5.0,5.0
170,40,CB,42,H,10.56,5.0,5.0
171,40,CB,43,H,10.44,5.0,5.0
172,40,CB,44,H,10.44,5.0,5.0
173,40,CB,46,H,10.44,5.0,5.0
174,40,CB,47,H,11.7,5.0,5.0
175,40,CB,49,H,11.42,5.0,5.0
176,40,CB,50,H,11.98,5.0,5.0
177,40,CB,51,H,12.0,5.0,5.0
178,40,CB,52,H,11.99,5.0,5.0
179,40,CB,53,H,11.59,5.0,5.0
180,40,CB,54,H,12.25,5.0,5.0
181,40,CB,55,H,12.2,5.0,5.0
182,40,CB,56,H,11.44,5.0,5.0
183,40,CB,57,H,13.02,5.0,5.0
184,40,CB,59,H,13.06,5.0,5.0
185,40,CB,60,H,13.43,5.0,5.0
186,40,CB,61,H,13.27,5.0,5.0
187,40,CB,64,H,12.15,5.0,5.0
188,40,CB,65,H,11.36,5.0,5.0
189,40,CB,66,H,11.44,5.0,5.0
190,40,CB,67,H,12.83,5.0,5.0
191,40,CB,68,H,12.5,5.0,5.0
192,40,CB,70,H,12.45,5.0,5.0
193,40,CB,71,H,12.3,5.0,5.0
194,40,CB,73,H,12.75,5.0,5.0
195,40,CB,74,H,11.94,5.0,5.0
196,40,CB,75,H,12.44,5.0,5.0
197,40,CB,76,H,13.78,5.0,5.0
198,40,CB,77,H,13.81,5.0,5.0
199,40,CB,78,H,12.39,5.0,5.0
200,40,CB,80,H,12.82,5.0,5.0
201,40,CB,81,H,12.35,5.0,5.0
202,40,CB,82,H,11.69,5.0,5.0
203,40,CB,84,H,14.5,5.0,5.0
204,40,CB,86,H,12.96,5.0,5.0
205,40,CB,87,H,11.59,5.0,5.0
206,40,CB,88,H,10.78,5.0,5.0
207,40,CB,89,H,15.03,5.0,5.0
208,40,CB,90,H,14.75,5.0,5.0
209,40,CB,91,H,12.84,5.0,5.0
210,40,CB,92,H,17.12,5.0,5.0
211,66,CB,3,H,11.01,5.0,5.0
212,66,CB,4,H,13.37,5.0,5.0
213,66,CB,6,H,11.74,5.0,5.0
214,66,CB,7,H,13.21,5.0,5.0
215,66,CB,10,H,13.01,5.0,5.0
216,66,CB,11,H,11.17,5.0,5.0
217,66,CB,12,H,11.39,5.0,5.0
218,66,CB,13,H,12.48,5.0,5.0
219,66,CB,14,H,12.46,5.0,5.0
220,66,CB,15,H,12.26,5.0,5.0
221,66,CB,16,H,13.17,5.0,5.0
222,66,CB,17,H,13.38,5.0,5.0
223,66,CB,18,H,13.9,5.0,5.0
224,66,CB,19,H,13.91,5.0,5.0
225,66,CB,22,H,11.62,5.0,5.0
226,66,CB,23,H,12.34,5.0,5.0
227,66,CB,24,H,11.39,5.0,5.0
228,66,CB,25,H,11.42,5.0,5.0
229,66,CB,26,H,11.07,5.0,5.0
230,66,CB,27,H,10.84,5.0,5.0
231,66,CB,28,H,12.57,5.0,5.0
232,66,CB,29,H,15.11,5.0,5.0
233,66,CB,30,H,14.52,5.0,5.0
234,66,CB,31,H,13.07,5.0,5.0
235,66,CB,32,H,11.9,5.0,5.0
236,66,CB,34,H,12.54,5.0,5.0
237,66,CB,35,H,13.42,5.0,5.0
238,66,CB,37,H,13.11,5.0,5.0
239,66,CB,38,H,13.83,5.0,5.0
240,66,CB,41,H,11.96,5.0,5.0
241,66,CB,42,H,11.84,5.0,5.0
242,66,CB,43,H,13.66,5.0,5.0
243,66,CB,44,H,14.96,5.0,5.0
244,66,CB,46,H,14.22,5.0,5.0
245,66,CB,47,H,14.21,5.0,5.0
246,66,CB,49,H,12.28,5.0,5.0
247,66,CB,50,H,11.83,5.0,5.0
248,66,CB,51,H,11.69,5.0,5.0
249,66,CB,52,H,11.75,5.0,5.0
250,66,CB,53,H,11.64,5.0,5.0
251,66,CB,54,H,11.36,5.0,5.0
252,66,CB,55,H,12.57,5.0,5.0
253,66,CB,56,H,12.12,5.0,5.0
254,66,CB,57,H,13.04,5.0,5.0
255,66,CB,59,H,13.74,5.0,5.0
256,66,CB,60,H,13.51,5.0,5.0
257,66,CB,61,H,14.02,5.0,5.0
258,66,CB,64,H,12.02,5.0,5.0
259,66,CB,65,H,10.9,5.0,5.0
260,66,CB,68,H,10.78,5.0,5.0
261,66,CB,70,H,11.94,5.0,5.0
262,66,CB,71,H,11.99,5.0,5.0
263,66,CB,73,H,12.85,5.0,5.0
264,66,CB,74,H,10.89,5.0,5.0
265,66,CB,75,H,12.22,5.0,5.0
266,66,CB,76,H,12.91,5.0,5.0
267,66,CB,77,H,12.0,5.0,5.0
268,66,CB,78,H,11.5,5.0,5.0
269,66,CB,80,H,12.8,5.0,5.0
270,66,CB,81,H,12.83,5.0,5.0
271,66,CB,84,H,12.31,5.0,5.0
272,66,CB,86,H,11.76,5.0,5.0
273,66,CB,89,H,12.93,5.0,5.0
274,66,CB,90,H,12.81,5.0,5.0
275,66,CB,91,H,11.69,5.0,5.0
276,66,CB,92,H,14.18,5.0,5.0
277,85,CB,3,H,12.04,5.0,5.0
278,85,CB,4,H,14.44,5.0,5.0
279,85,CB,6,H,12.87,5.0,5.0
280,85,CB,7,H,14.15,5.0,5.0
281,85,CB,10,H,14.07,5.0,5.0
282,85,CB,11,H,12.4,5.0,5.0
283,85,CB,12,H,11.57,5.0,5.0
284,85,CB,13,H,11.58,5.0,5.0
285,85,CB,14,H,14.21,5.0,5.0
286,85,CB,15,H,13.19,5.0,5.0
287,85,CB,16,H,14.21,5.0,5.0
288,85,CB,17,H,14.21,5.0,5.0
289,85,CB,18,H,14.99,5.0,5.0
290,85,CB,19,H,14.96,5.0,5.0
291,85,CB,21,H,13.16,5.0,5.0
292,85,CB,22,H,12.57,5.0,5.0
293,85,CB,23,H,12.14,5.0,5.0
294,85,CB,24,H,12.11,5.0,5.0
295,85,CB,25,H,12.32,5.0,5.0
296,85,CB,26,H,11.77,5.0,5.0
297,85,CB,27,H,12.12,5.0,5.0
298,85,CB,28,H,13.54,5.0,5.0
299,85,CB,29,H,16.23,5.0,5.0
300,85,CB,30,H,15.54,5.0,5.0
301,85,CB,31,H,14.25,5.0,5.0
302,85,CB,32,H,13.25,5.0,5.0
303,85,CB,33,H,14.09,5.0,5.0
304,85,CB,34,H,13.03,5.0,5.0
305,85,CB,35,H,14.42,5.0,5.0
306,85,CB,37,H,14.21,5.0,5.0
307,85,CB,38,H,15.01,5.0,5.0
308,85,CB,40,H,13.27,5.0,5.0
309,85,CB,41,H,12.56,5.0,5.0
310,85,CB,42,H,12.57,5.0,5.0
311,85,CB,43,H,14.48,5.0,5.0
312,85,CB,44,H,15.9,5.0,5.0
313,85,CB,46,H,14.69,5.0,5.0
314,85,CB,47,H,15.39,5.0,5.0
315,85,CB,49,H,13.13,5.0,5.0
316,85,CB,50,H,12.04,5.0,5.0
317,85,CB,51,H,12.59,5.0,5.0
318,85,CB,52,H,12.72,5.0,5.0
319,85,CB,53,H,12.8,5.0,5.0
320,85,CB,54,H,12.33,5.0,5.0
321,85,CB,55,H,13.01,5.0,5.0
322,85,CB,56,H,11.45,5.0,5.0
323,85,CB,57,H,13.12,5.0,5.0
324,85,CB,59,H,12.86,5.0,5.0
325,85,CB,60,H,13.04,5.0,5.0
326,85,CB,61,H,12.7,5.0,5.0
327,85,CB,64,H,11.87,5.0,5.0
328,85,CB,65,H,10.46,5.0,5.0
329,85,CB,66,H,11.36,5.0,5.0
330,85,CB,67,H,12.03,5.0,5.0
331,85,CB,68,H,11.91,5.0,5.0
332,85,CB,70,H,11.63,5.0,5.0
333,85,CB,71,H,11.58,5.0,5.0
334,85,CB,73,H,11.79,5.0,5.0
335,85,CB,74,H,10.52,5.0,5.0
336,85,CB,75,H,10.86,5.0,5.0
337,85,CB,76,H,11.96,5.0,5.0
338,85,CB,77,H,12.08,5.0,5.0
339,85,CB,78,H,11.61,5.0,5.0
340,85,CB,80,H,14.23,5.0,5.0
341,85,CB,81,H,11.82,5.0,5.0
342,85,CB,82,H,10.52,5.0,5.0
343,85,CB,87,H,10.52,5.0,5.0
344,85,CB,88,H,10.52,5.0,5.0
345,85,CB,89,H,14.87,5.0,5.0
346,85,CB,90,H,11.57,5.0,5.0
347,85,CB,91,H,13.41,5.0,5.0
348,85,CB,92,H,10.92,5.0,5.0
349,92,CB,3,H,11.37,5.0,5.0
350,92,CB,4,H,13.42,5.0,5.0
351,92,CB,6,H,11.93,5.0,5.0
352,92,CB,7,H,13.26,5.0,5.0
353,92,CB,10,H,12.94,5.0,5.0
354,92,CB,11,H,11.39,5.0,5.0
355,92,CB,12,H,11.22,5.0,5.0
356,92,CB,13,H,11.45,5.0,5.0
357,92,CB,14,H,12.49,5.0,5.0
358,92,CB,15,H,12.04,5.0,5.0
359,92,CB,16,H,13.04,5.0,5.0
360,92,CB,17,H,13.21,5.0,5.0
361,92,CB,18,H,13.83,5.0,5.0
362,92,CB,19,H,13.82,5.0,5.0
363,92,CB,22,H,11.76,5.0,5.0
364,92,CB,23,H,11.43,5.0,5.0
365,92,CB,24,H,11.26,5.0,5.0
366,92,CB,25,H,11.18,5.0,5.0
367,92,CB,26,H,10.14,5.0,5.0
368,92,CB,27,H,10.81,5.0,5.0
369,92,CB,28,H,12.62,5.0,5.0
370,92,CB,29,H,15.06,5.0,5.0
371,92,CB,30,H,14.5,5.0,5.0
372,92,CB,31,H,13.2,5.0,5.0
373,92,CB,32,H,12.31,5.0,5.0
374,92,CB,34,H,12.51,5.0,5.0
375,92,CB,35,H,13.45,5.0,5.0
376,92,CB,37,H,13.19,5.0,5.0
377,92,CB,38,H,13.88,5.0,5.0
378,92,CB,41,H,11.69,5.0,5.0
379,92,CB,42,H,11.73,5.0,5.0
380,92,CB,43,H,13.51,5.0,5.0
381,92,CB,44,H,14.87,5.0,5.0
382,92,CB,46,H,14.41,5.0,5.0
383,92,CB,47,H,14.24,5.0,5.0
384,92,CB,49,H,12.38,5.0,5.0
385,92,CB,50,H,11.6,5.0,5.0
386,92,CB,51,H,11.6,5.0,5.0
387,92,CB,52,H,11.79,5.0,5.0
388,92,CB,53,H,11.71,5.0,5.0
389,92,CB,55,H,12.75,5.0,5.0
390,92,CB,57,H,13.0,5.0,5.0
391,92,CB,59,H,13.11,5.0,5.0
392,92,CB,60,H,13.46,5.0,5.0
393,92,CB,61,H,13.88,5.0,5.0
394,92,CB,64,H,12.37,5.0,5.0
395,92,CB,65,H,11.81,5.0,5.0
396,92,CB,66,H,11.08,5.0,5.0
397,92,CB,67,H,12.11,5.0,5.0
398,92,CB,68,H,12.4,5.0,5.0
399,92,CB,70,H,12.28,5.0,5.0
400,92,CB,73,H,12.96,5.0,5.0
401,92,CB,75,H,11.88,5.0,5.0
402,92,CB,76,H,12.61,5.0,5.0
403,92,CB,77,H,12.18,5.0,5.0
404,92,CB,78,H,12.11,5.0,5.0
405,92,CB,80,H,12.9,5.0,5.0
406,92,CB,81,H,13.37,5.0,5.0
407,92,CB,84,H,11.8,5.0,5.0
408,92,CB,86,H,11.55,5.0,5.0
409,92,CB,87,H,10.66,5.0,5.0
410,92,CB,88,H,10.52,5.0,5.0
411,92,CB,89,H,12.61,5.0,5.0
412,92,CB,90,H,12.69,5.0,5.0
413,92,CB,91,H,11.4,5.0,5.0
